0  6  10  16  18  18  21  23  27  28  
33  37  37  37  41  42  43  47  48  51  
56  68  69  70  85  87  91  96  97  102  
105  111  112  124  126  128  133  140  142  142  
142  146  147  148  149  154  165  166  169  175  
175  178  188  200  200  202  207  215  217  221  
229  236  236  237  255  263  264  264  265  270  
271  277  279  280  282  286  289  296  298  299  
308  313  314  317  319  319  322  324  326  335  
339  343  343  345  354  359  360  361  362  363  
363  363  368  368  377  379  384  384  386  392  
395  404  413  414  414  418  419  435  436  438  
439  442  444  445  447  449  457  457  463  466  
468  473  476  478  483  492  497  500  514  520  
528  533  535  550  552  553  554  560  563  567  
574  575  575  576  577  588  590  600  603  614  
615  617  618  637  638  643  643  653  654  657  
657  660  664  668  671  692  695  714  720  724  
731  735  736  737  743  744  746  753  753  759  
764  771  783  786  792  798  798  800  802  803  
805  813  814  824  829  838  843  862  865  869  
874  875  877  881  882  882  887  891  891  895  
900  902  908  909  909  912  913  916  936  936  
937  939  944  946  947  951  953  961  964  967  
967  968  972  974  975  975  977  985  985  985  
990  997  998  1000  1002  1003  1017  1018  1019  1020  
1031  1031  1033  1037  1041  1050  1054  1058  1063  1070  
1077  1079  1082  1084  1084  1086  1087  1087  1089  1096  
1097  1098  1100  1103  1103  1109  1114  1127  1130  1132  
1138  1148  1155  1159  1161  1162  1164  1164  1174  1181  
1185  1186  1186  1187  1189  1212  1213  1216  1219  1222  
1224  1227  1228  1230  1231  1236  1239  1240  1241  1244  
1274  1282  1284  1293  1295  1296  1297  1307  1309  1313  
1321  1330  1332  1332  1339  1339  1342  1343  1345  1347  
1349  1350  1359  1361  1363  1367  1380  1381  1381  1385  
1395  1398  1404  1406  1407  1409  1412  1424  1426  1427  
1437  1438  1439  1439  1441  1445  1447  1451  1451  1453  
1465  1470  1474  1480  1480  1491  1499  1514  1516  1520  
1523  1532  1533  1539  1541  1559  1562  1562  1567  1568  
1568  1579  1605  1611  1612  1614  1615  1615  1619  1620  
1622  1622  1623  1624  1625  1628  1632  1639  1647  1652  
1654  1665  1666  1668  1674  1676  1678  1682  1682  1686  
1692  1695  1697  1709  1710  1716  1719  1727  1735  1737  
1737  1737  1738  1742  1742  1743  1747  1759  1761  1765  
1767  1770  1771  1774  1774  1776  1776  1780  1782  1782  
1784  1786  1786  1786  1793  1794  1794  1804  1808  1810  
1810  1813  1818  1822  1848  1848  1849  1850  1856  1860  
1870  1873  1875  1887  1887  1890  1892  1900  1912  1914  
1914  1917  1919  1921  1925  1925  1934  1944  1951  1952  
1956  1958  1969  1972  1974  1975  1978  1978  1978  1979  
1980  1981  1981  1981  1982  1986  1986  1991  1996  2002  
2009  2009  2010  2010  2014  2018  2027  2036  2036  2043  
2046  2050  2051  2051  2052  2052  2054  2054  2070  2070  
2076  2077  2078  2084  2090  2093  2095  2099  2099  2103  
2109  2127  2141  2145  2146  2151  2153  2160  2160  2161  
2163  2164  2164  2169  2171  2172  2172  2174  2184  2192  
2197  2201  2215  2233  2233  2237  2241  2243  2245  2245  
2248  2248  2257  2260  2261  2262  2269  2269  2271  2274  
2274  2287  2292  2305  2311  2313  2318  2319  2325  2326  
2333  2334  2341  2345  2351  2354  2355  2359  2359  2360  
2367  2371  2373  2379  2384  2389  2391  2391  2392  2392  
2394  2401  2412  2418  2420  2425  2427  2430  2430  2439  
2444  2449  2450  2451  2458  2462  2465  2468  2471  2473  
2476  2481  2489  2490  2495  2496  2513  2514  2520  2525  
2530  2530  2533  2534  2540  2547  2548  2555  2558  2562  
2565  2569  2570  2571  2574  2574  2578  2580  2589  2590  
2596  2607  2612  2614  2614  2622  2627  2628  2640  2642  
2642  2645  2648  2649  2652  2657  2657  2661  2664  2682  
2696  2698  2700  2700  2707  2710  2722  2733  2736  2742  
2742  2744  2745  2748  2752  2759  2765  2765  2766  2770  
2773  2776  2776  2784  2787  2794  2804  2806  2814  2828  
2830  2831  2836  2845  2846  2848  2855  2856  2861  2862  
2862  2863  2864  2870  2876  2883  2891  2892  2896  2897  
2900  2901  2901  2908  2910  2912  2914  2918  2919  2922  
2922  2936  2936  2941  2941  2944  2947  2952  2957  2959  
2961  2966  2970  2971  2972  2975  2975  2975  2982  2986  
2988  2989  2997  2998  3003  3004  3006  3011  3011  3015  
3024  3026  3030  3035  3035  3040  3041  3042  3045  3058  
3059  3064  3072  3073  3077  3086  3095  3097  3098  3100  
3101  3103  3103  3106  3113  3119  3125  3126  3127  3133  
3133  3136  3138  3140  3143  3144  3146  3155  3156  3161  
3167  3172  3172  3175  3175  3177  3180  3189  3192  3193  
3196  3212  3213  3214  3216  3223  3224  3224  3227  3229  
3233  3236  3237  3238  3240  3241  3250  3254  3254  3263  
3267  3271  3275  3277  3278  3278  3280  3296  3297  3300  
3301  3309  3312  3313  3315  3319  3320  3323  3325  3329  
3330  3332  3334  3338  3341  3357  3368  3369  3375  3391  
3393  3398  3399  3399  3401  3409  3411  3411  3413  3417  
3418  3419  3421  3421  3424  3426  3427  3433  3434  3449  
3450  3451  3461  3465  3466  3475  3477  3483  3490  3492  
3498  3502  3504  3507  3513  3519  3524  3526  3528  3531  
3534  3542  3546  3557  3558  3569  3570  3572  3573  3587  
3588  3596  3599  3601  3606  3615  3617  3630  3631  3631  
3631  3634  3634  3638  3641  3651  3657  3662  3672  3672  
3677  3681  3687  3687  3688  3695  3695  3696  3702  3715  
3724  3726  3732  3733  3735  3740  3744  3747  3749  3759  
3762  3769  3773  3777  3780  3783  3789  3795  3796  3797  
3806  3810  3832  3836  3848  3851  3852  3852  3855  3861  
3867  3873  3877  3881  3882  3884  3887  3889  3890  3895  
3901  3907  3912  3915  3922  3925  3926  3926  3927  3934  
3935  3936  3939  3942  3943  3945  3954  3973  3974  3977  
3982  3988  3994  4001  4001  4005  4014  4022  4023  4026  
4032  4037  4038  4038  4040  4042  4043  4045  4049  4057  
4069  4070  4078  4083  4084  4090  4093  4093  4095  4099  
4102  4110  4113  4113  4121  4128  4143  4145  4152  4156  
4157  4165  4167  4168  4173  4174  4175  4176  4178  4181  
4181  4183  4186  4188  4188  4189  4190  4192  4193  4197  
4204  4204  4208  4208  4213  4214  4217  4219  4233  4234  
4238  4249  4252  4256  4258  4261  4263  4266  4270  4276  
4277  4279  4280  4282  4284  4290  4297  4302  4304  4318  
4326  4328  4328  4328  4332  4337  4338  4344  4346  4347  
4350  4351  4359  4361  4361  4365  4366  4368  4371  4374  
4375  4382  4382  4384  4385  4389  4393  4394  4403  4412  
4418  4422  4432  4435  4436  4437  4439  4444  4444  4447  
4451  4452  4456  4456  4456  4461  4466  4467  4471  4472  
4475  4478  4483  4493  4499  4499  4506  4507  4507  4508  
4517  4522  4530  4541  4542  4542  4548  4550  4550  4558  
4558  4563  4563  4565  4566  4569  4580  4584  4587  4591  
4593  4597  4600  4604  4606  4614  4616  4618  4618  4623  
4631  4644  4651  4651  4663  4664  4669  4670  4671  4693  
4695  4695  4698  4699  4711  4712  4715  4716  4718  4733  
4740  4749  4751  4754  4756  4757  4758  4759  4768  4774  
4776  4793  4796  4802  4810  4810  4812  4818  4819  4823  
4823  4824  4834  4839  4840  4844  4845  4852  4857  4858  
4858  4862  4863  4865  4877  4880  4891  4900  4900  4907  
4908  4908  4911  4914  4917  4925  4929  4934  4938  4943  
4943  4944  4949  4951  4953  4956  4962  4976  4980  4990  
4991  4993  5004  5006  5008  5013  5016  5019  5022  5022  
5024  5032  5032  5033  5038  5044  5049  5050  5051  5062  
5083  5086  5088  5088  5093  5093  5094  5107  5111  5111  
5114  5131  5135  5135  5137  5144  5145  5148  5149  5157  
5161  5187  5187  5192  5200  5203  5211  5223  5224  5228  
5238  5239  5239  5240  5244  5248  5255  5258  5259  5273  
5276  5277  5281  5287  5294  5309  5312  5324  5325  5332  
5332  5336  5344  5351  5351  5352  5353  5358  5372  5372  
5384  5385  5389  5398  5398  5405  5407  5408  5412  5412  
5413  5416  5420  5421  5424  5426  5428  5433  5438  5442  
5444  5444  5458  5459  5461  5463  5466  5468  5480  5483  
5493  5496  5500  5503  5504  5508  5512  5514  5524  5536  
5537  5542  5543  5543  5544  5544  5547  5551  5559  5560  
5560  5561  5567  5568  5569  5571  5574  5578  5578  5583  
5597  5598  5599  5602  5618  5622  5628  5628  5645  5652  
5655  5659  5662  5665  5669  5669  5669  5674  5677  5679  
5680  5682  5686  5690  5694  5697  5700  5703  5706  5715  
5717  5719  5724  5728  5740  5744  5749  5754  5755  5756  
5774  5777  5782  5784  5788  5788  5789  5791  5791  5791  
5796  5799  5806  5809  5812  5814  5815  5822  5835  5836  
5836  5838  5840  5840  5857  5859  5860  5863  5863  5870  
5874  5876  5879  5882  5886  5887  5888  5891  5891  5893  
5893  5896  5902  5910  5924  5926  5930  5932  5932  5933  
5935  5937  5937  5941  5948  5949  5959  5962  5967  5969  
5970  5973  5974  5975  5978  5983  5992  5999  6006  6010  
6012  6012  6014  6016  6019  6019  6020  6021  6030  6034  
6035  6043  6043  6045  6053  6054  6055  6057  6065  6065  
6066  6066  6073  6075  6084  6088  6099  6101  6104  6108  
6110  6110  6112  6117  6123  6125  6131  6148  6149  6160  
6164  6168  6169  6173  6178  6182  6184  6189  6189  6190  
6193  6195  6199  6210  6211  6216  6230  6233  6233  6239  
6243  6244  6257  6262  6264  6270  6271  6273  6274  6276  
6277  6286  6287  6293  6293  6293  6295  6297  6300  6308  
6308  6332  6336  6344  6348  6350  6359  6360  6362  6362  
6365  6369  6386  6387  6392  6399  6403  6406  6406  6406  
6411  6412  6413  6415  6416  6418  6419  6425  6432  6445  
6448  6454  6454  6457  6495  6496  6502  6515  6520  6520  
6522  6524  6529  6534  6538  6539  6542  6551  6552  6556  
6557  6564  6565  6571  6575  6578  6589  6589  6592  6595  
6596  6597  6600  6605  6607  6612  6614  6616  6631  6639  
6641  6642  6646  6646  6647  6652  6652  6653  6661  6663  
6665  6667  6676  6678  6679  6680  6683  6688  6695  6701  
6716  6721  6721  6726  6728  6730  6731  6732  6738  6756  
6756  6764  6765  6773  6778  6782  6786  6792  6795  6800  
6807  6810  6811  6824  6828  6834  6838  6839  6839  6842  
6848  6852  6856  6859  6865  6866  6869  6870  6870  6871  
6873  6875  6880  6880  6884  6886  6887  6887  6891  6894  
6896  6897  6899  6899  6900  6902  6903  6904  6905  6910  
6914  6916  6917  6921  6923  6924  6927  6931  6934  6937  
6943  6943  6959  6961  6963  6963  6965  6969  6973  6976  
6983  6986  6988  6993  6994  6999  7001  7010  7016  7021  
7021  7029  7035  7036  7042  7043  7044  7047  7056  7066  
7069  7073  7076  7081  7086  7098  7099  7101  7104  7108  
7109  7110  7110  7111  7114  7117  7119  7121  7122  7132  
7133  7134  7134  7135  7150  7151  7152  7162  7163  7168  
7177  7177  7179  7197  7197  7199  7202  7212  7213  7214  
7218  7222  7223  7228  7233  7240  7244  7246  7249  7254  
7256  7257  7259  7262  7264  7266  7267  7275  7275  7280  
7285  7287  7290  7301  7302  7315  7320  7320  7322  7322  
7333  7333  7335  7338  7340  7341  7345  7345  7353  7369  
7378  7380  7382  7384  7386  7387  7387  7389  7399  7402  
7416  7417  7419  7419  7436  7439  7440  7445  7447  7447  
7451  7457  7463  7463  7464  7464  7470  7470  7473  7474  
7474  7476  7477  7486  7490  7491  7491  7492  7495  7496  
7496  7504  7511  7514  7517  7524  7525  7525  7538  7538  
7545  7546  7552  7553  7561  7564  7565  7570  7588  7590  
7591  7601  7603  7611  7620  7630  7636  7640  7650  7651  
7652  7659  7660  7660  7668  7674  7677  7678  7678  7680  
7691  7691  7707  7709  7714  7715  7724  7740  7743  7745  
7747  7768  7782  7792  7799  7803  7804  7807  7808  7811  
7815  7821  7822  7825  7826  7841  7841  7842  7849  7850  
7855  7863  7866  7869  7870  7873  7876  7878  7891  7909  
7911  7913  7918  7919  7921  7929  7943  7945  7947  7948  
7948  7953  7955  7958  7963  7965  7968  7994  7994  7995  
7995  7995  7996  7999  8281  8561  10094  10421  10941  13085  
14538  14717  15269  15570  16329  16350  16801  17203  17313  18052  
18182  18554  19136  20388  21342  21671  22973  23341  23899  24127  
24728  26152  26270  27050  27578  27719  29376  29380  30335  31143  
31403  31914  32449  32611  32781  33094  33209  33583  33658  33913  
34804  35734  36035  36265  36517  37846  38058  38512  38840  40717  
40733  41555  41646  41921  42140  42599  43295  43667  43766  44338  
44464  44930  45213  45971  46182  46799  46822  48116  48277  50043  
51830  52660  53191  53419  53436  53895  53923  57375  57890  58498  
59375  59407  59834  60683  60973  62871  62983  63489  63943  66284  
66553  67026  67973  68254  68715  69722  69811  69885  70568  70911  
71116  72477  72754  73040  74532  74841  74895  74917  75076  76449  
76595  77176  79514  79528  80261  81852  82278  82416  82425  82762  
82774  83495  84465  84814  84854  85295  86491  87193  88032  89419  
90641  90855  91281  91334  91381  92440  93378  94294  95031  95333  
95450  95636  96476  96702  96820  97951  97974  98311  98360  98363  
98483  98677  98911  99125  99476  100108  100950  101126  101182  101914  
102942  103443  104704  105347  106542  106902  107468  108411  109014  109087  
109538  109684  110138  111086  111201  114875  115202  115503  115835  116227  
116707  117027  117289  117328  117338  118047  118914  119603  120266  120665  
120915  120978  121543  121556  121588  121847  122373  123355  126162  126487  
128625  128677  128820  129010  129108  129712  131501  132200  132264  133520  
134315  135246  136069  137630  137959  138786  140974  141053  141577  142157  
143321  143592  144660  144823  144992  145395  146771  147212  147538  148175  
148668  149337  151194  152070  152734  152995  155616  156133  156281  157143  
158899  159487  160092  160767  161344  161531  161839  161915  162087  162773  
163305  164275  164740  165178  165515  165655  166647  166923  167002  167158  
167416  167503  167705  167752  167815  168942  169121  169654  169752  170082  
170521  170764  171456  172605  172929  173400  175047  175503  175516  176297  
176777  177402  178602  178664  180349  183782  183885  184816  184914  186767  
187143  187760  188132  188333  188864  189378  189467  190488  190496  192701  
192771  193510  194614  194796  196603  197267  199323  199394  199613  199757  
199837  201218  201890  201960  202078  202190  202216  202859  203642  204632  
204814  204846  205713  206087  206520  207497  207972  208266  209162  209296  
209397  211340  214100  215079  215182  215549  216202  216803  217684  218896  
220156  220218  220320  222028  222111  222281  223334  224303  224634  224883  
225709  225863  227820  228608  228634  228710  229910  230498  231007  231289  
232013  232044  232259  232559  233571  236708  236826  236912  238375  239820  
240512  241518  242258  242747  242797  244167  245306  246067  246437  246988  
247236  248016  249296  249788  251299  251949  252507  252559  253515  255312  
255944  256109  256264  256392  257444  257913  258079  258969  259095  259281  
260241  260948  261293  261347  261741  262503  262738  264105  265050  265138  
265525  265811  266108  266596  268057  269001  269375  269976  270038  270338  
270367  271947  273170  273189  274035  274330  274483  274774  277152  277454  
277784  278102  278346  279861  279954  281298  281515  282347  282444  282932  
282940  283007  283016  283506  284497  284731  285437  285564  287148  287343  
287350  287658  288432  288680  289175  289488  289515  289621  289722  290001  
290006  290117  290924  290975  292593  293362  293645  294532  296007  296983  
296992  297174  298660  298797  298895  299457  300806  301118  302048  302421  
302576  303457  303554  304663  305159  305307  305435  306103  306308  306544  
306718  306935  307181  307493  307926  308640  308902  309129  309213  309217  
309244  309882  310119  310598  311065  311404  311458  311966  313050  313363  
314577  314751  315087  315570  315735  316508  316514  317090  318018  318397  
318909  319244  319758  322261  322968  323695  323754  324024  324407  325040  
325192  326006  326265  326287  326368  326955  327597  328296  328581  328591  
328777  329546  330312  330647  330808  330906  330957  331298  331379  331634  
331641  332694  332992  334032  334663  334954  335457  336235  339204  339443  
341041  341248  341867  342190  342267  344002  344974  345459  345679  345756  
346368  346518  346888  347390  348761  348963  350043  350874  351336  353346  
353812  354371  354953  355032  355665  355745  356222  356688  357287  357421  
358411  358715  359764  359986  360470  360582  361337  361536  362220  363043  
364242  365267  365694  366018  366102  366614  367155  369586  371367  373020  
373288  374877  374945  374970  375552  375718  375989  376208  377022  378203  
379172  379640  379940  380557  380654  380859  382426  382442  383226  383422  
384015  384703  385171  385831  386135  386216  386317  386416  387453  388384  
388561  389367  390042  390309  390637  391123  391453  391789  391869  394022  
395368  395625  395673  395791  396156  396727  397056  397948  398615  398740  
399585  399712  401294  401887  402870  403600  403828  405172  405300  405360  
405379  406930  408419  408562  409076  411102  411542  411570  411740  412167  
412287  412923  413176  414294  414482  414966  414996  415497  415712  415760  
416427  416956  417240  419210  419337  419998  420890  421363  421760  421858  
422174  422402  423034  423140  423780  425046  425866  426652  426930  427712  
428450  429571  430009  430189  431648  432970  433318  434737  435293  435608  
435725  436272  436400  436693  436788  437025  437028  437124  437592  438222  
438262  439026  440686  440760  441530  443014  444379  444507  444570  444666  
444754  445474  446418  446699  447754  447940  448294  449023  449142  449811  
450174  450899  452359  453065  454446  454614  455166  456044  456392  456511  
457748  457765  458013  458344  459844  460037  460839  461816  463117  463883  
464288  466223  466285  466288  466844  467167  467813  467894  468293  468591  
470182  470222  470430  470698  470791  470968  471968  472064  472585  472831  
473329  473553  473612  474102  475720  475727  476123  477073  477380  477863  
479786  480451  480589  480693  481514  481810  482088  483513  484273  484579  
485360  485715  486713  487348  487782  489478  489493  490442  490640  491238  
491348  495103  496095  496217  497027  497148  497556  498361  498388  499184  
500473  500928  500985  501241  502395  503654  503962  504782  505471  506632  
507392  507883  509540  510422  511126  511680  514678  514751  516126  516642  
517993  518973  519727  519761  521121  521259  522828  523968  524450  526499  
526647  526741  526938  527208  527289  527564  528292  529406  530104  530775  
531002  531104  531301  531556  533180  533430  534517  534564  534843  535890  
536121  536252  536412  536859  536904  542971  543017  543617  544229  546100  
546314  546623  547606  548134  549488  550187  550535  551138  552317  552397  
553343  553919  554028  554056  554194  554358  556224  556421  556570  557243  
557370  558356  558391  558475  558569  558933  560143  560587  560605  561331  
561333  562104  562445  562751  563203  563455  564164  566144  566244  566657  
567588  568093  568431  570282  570710  570788  571186  571874  572091  572862  
572965  573760  573948  574191  574212  574783  574828  575360  576477  577546  
577796  579506  580503  580563  580873  582087  583238  583347  583632  583691  
583876  584607  584835  585178  585207  585924  585935  586577  586952  587011  
589247  589640  589836  590205  590286  590600  590610  590890  591235  591462  
591945  591950  591955  592779  592996  593085  593368  593599  593727  594818  
595576  596605  597162  597915  597996  598452  600033  600191  600317  600936  
603461  603722  603735  604850  605070  605641  607804  608138  608369  609466  
610848  611413  612573  613221  614227  615667  616156  616566  618866  619202  
619551  619639  619855  621146  621184  621542  622129  623880  625018  625475  
625515  625730  627743  628792  628893  629103  629240  630692  630762  631286  
631590  631780  631796  631796  631944  631961  632259  632771  634010  634053  
634228  634963  635400  635915  636230  636452  636962  637702  637858  638752  
639771  640672  641190  641664  642167  643093  643233  643261  644335  644541  
644714  645036  645624  649230  649376  649874  650719  651793  652023  652470  
652624  652689  652766  652836  652953  653121  653808  653976  654450  655166  
656838  656967  658473  658575  659106  659946  660356  661065  661273  661354  
662195  662400  663355  664951  666465  666746  667413  668084  668377  668449  
669474  669544  672150  674038  675631  675698  675719  678063  678306  678828  
678875  679556  679557  679689  679718  680477  680721  682517  682669  682720  
683073  683524  683856  685422  685609  685845  686043  686164  686818  686988  
687280  687294  687332  688715  688958  690087  690401  690406  690734  690848  
691357  693218  695141  695515  695679  696511  697795  698010  698770  699043  
699384  700023  700541  701223  702234  702424  702648  703216  704430  705352  
705551  705586  705591  706111  706670  707217  707308  708124  708404  709032  
710715  711250  711570  711699  713089  714286  714895  715172  715762  716047  
716260  716339  717303  718543  718578  718943  719469  719585  720702  724078  
724833  725173  725294  726904  727064  727157  727268  727664  727975  728451  
729169  730325  731858  732387  732810  732895  732920  733435  733753  733955  
734050  734851  735622  735952  736213  736314  737720  738089  738217  738290  
740184  742542  742692  743162  744233  744998  745643  746030  746388  746654  
747067  747625  747682  748489  748745  748973  749119  750570  751128  752331  
752529  753394  753481  753589  753758  753759  754439  754530  756271  756575  
756954  757118  757428  758287  758445  758588  758998  759166  759648  759709  
759793  759929  760570  760970  761076  761461  761605  761873  762168  763281  
763585  763848  764994  765766  765900  766238  766338  766606  767969  768112  
768470  768586  768805  769602  769622  769936  770618  771441  772513  772625  
772939  772961  772965  774174  774223  776221  776489  777278  777353  777631  
778278  778660  779880  779995  780243  780399  780883  782262  782490  782681  
783550  784026  784031  784093  784709  785023  786503  788194  788287  789871  
790336  791517  792737  793823  794009  794879  794971  795646  796025  799122  
800864  802189  802488  803948  805162  805638  805966  806098  806243  806877  
807741  808043  808073  808309  809546  809680  809838  810009  810649  813963  
815231  815849  816259  816545  816963  818009  818340  818743  818830  819361  
821386  822050  822539  825038  826376  826898  827283  827827  828457  828979  
829622  830404  831050  831130  831690  831868  832434  833664  834260  835262  
836874  836954  839103  839597  840032  840100  840245  840289  840577  840607  
840908  841380  841534  842390  842991  843165  843182  843883  844420  845801  
846507  848195  848654  848882  850664  850950  851301  852268  852765  853441  
854407  854537  855113  855263  855878  856364  856977  857902  859148  859320  
860182  862751  863431  863837  864431  864838  866293  866901  867114  867180  
867895  868972  869423  871067  871500  871735  872150  872404  872667  872771  
872958  873793  874072  874148  874339  874375  875111  875656  875788  876099  
876237  877580  878571  879709  879885  880872  881108  882335  883161  883287  
883297  884846  885330  885418  885684  886753  886795  887053  887634  888347  
888683  889361  891016  891849  892161  892679  892875  893262  893649  893777  
894125  894205  894634  895271  895660  895965  896137  897124  897223  898081  
898135  898198  900471  901033  902453  903379  904291  905876  906300  906354  
908769  909008  909247  909377  909439  911010  911140  912050  912054  914237  
914919  915030  915233  915819  916334  916415  917466  917608  917915  918095  
918184  918616  918666  919840  920030  920373  920788  921475  921946  924142  
924366  925598  926759  927315  927651  928419  929047  930148  930599  932963  
933678  934896  935623  936389  937868  939216  939551  940102  940483  941532  
942289  942360  942415  943083  943227  943803  944057  945564  945581  945994  
947265  947301  947403  948123  949562  949885  949886  949899  950101  950252  
950553  950582  951153  951398  951950  952501  953134  954174  954600  955728  
956873  957004  957669  957820  958053  958208  958379  958599  959043  959282  
959382  959863  960220  961300  961485  961508  962908  963282  963608  964064  
965153  965457  965743  966612  966936  967133  969119  969484  970704  970876  
971533  971717  973466  973695  973845  974151  975623  976022  977105  977333  
978629  978695  978855  979390  980495  980835  982054  982377  982483  982715  
982971  984587  986180  986548  986573  986741  987071  987071  987601  987985  
989195  990042  990839  992677  992915  994091  994146  994329  994841  995519  
995875  996700  997199  997314  997633  998232  999134  1002201  1002281  1002689  
1003154  1004168  1004758  1004797  1005225  1005517  1005578  1006037  1006452  1007830  
1007831  1008070  1008665  1008961  1009180  1009487  1009956  1012393  1012418  1012605  
1013477  1013883  1014865  1015263  1016067  1016426  1017733  1018567  1019626  1020040  
1020527  1021161  1021523  1021870  1022150  1024129  1024876  1024944  1025756  1027688  
1027791  1027903  1028034  1029705  1029940  1030482  1031562  1031889  1032303  1032540  
1033317  1033764  1033773  1034602  1035703  1036803  1038056  1038918  1041237  1041353  
1041621  1042056  1042991  1043976  1044311  1045797  1045926  1046184  1046569  1047394  
1047480  1047940  1048009  1048072  1048520  1049546  1051097  1051762  1051832  1052527  
1052854  1053133  1054154  1054231  1054900  1055184  1056249  1056966  1058092  1060612  
1062929  1063760  1064655  1064659  1064756  1065417  1066666  1067256  1067714  1067739  
1068013  1068039  1070862  1070955  1071746  1072628  1074011  1074088  1076501  1076620  
1076948  1077433  1078142  1080096  1080328  1080774  1082405  1083440  1083890  1083989  
1084509  1084546  1086065  1086809  1087383  1087683  1088488  1088631  1089003  1089956  
1090201  1090972  1092024  1092189  1092692  1092927  1093078  1094687  1095673  1097685  
1100058  1100687  1101311  1102232  1103190  1103453  1103650  1104039  1105720  1108402  
1110509  1111005  1111639  1113346  1113425  1114002  1114106  1115015  1118243  1118535  
1118981  1122375  1122440  1124109  1124240  1124401  1124560  1124960  1125876  1128908  
1128976  1129114  1129244  1129577  1129869  1130717  1132250  1133015  1134215  1134542  
1136467  1137253  1137502  1138252  1138498  1138808  1139237  1140000  1140217  1141194  
1142686  1145847  1146680  1147051  1147200  1147608  1148092  1148364  1148910  1149127  
1149481  1149689  1150093  1150142  1150798  1152640  1152970  1153389  1153483  1153878  
1153943  1154110  1156861  1161139  1161462  1162076  1162342  1163524  1164479  1164499  
1164561  1164718  1165166  1165534  1167366  1168040  1169896  1170951  1171260  1173378  
1173408  1174101  1176164  1177414  1178092  1178337  1179383  1179499  1180574  1181343  
1181623  1183479  1183684  1184024  1184391  1184917  1188641  1188971  1189185  1189582  
1189753  1190630  1191226  1191454  1191564  1192946  1194653  1195465  1195705  1196882  
1198179  1199314  1199819  1200850  1201068  1201257  1202775  1203380  1203540  1203580  
1203599  1204609  1207368  1207500  1207957  1210087  1210693  1211032  1213413  1214466  
1214714  1214914  1216408  1217347  1218801  1219176  1219773  1220457  1221077  1221546  
1221558  1221831  1222154  1222410  1222540  1222578  1223702  1224240  1224891  1225525  
1225955  1226036  1227416  1228735  1228800  1230213  1230231  1231992  1233870  1234264  
